 A R N D C Q E G H I L K M F P S T W Y V
A -9 -14 -12 -12 -15 -13 -11 -9 -14 -13 -13 -12 -16 -15 -11 -10 -10 -21 -16 -11
R -14 -8 -14 -15 -18 -13 -15 -15 -13 -16 -15 -9 -16 -18 -14 -13 -14 -15 -19 -15
N -12 -14 -12 -12 -18 -13 -12 -12 -13 -16 -15 -11 -18 -17 -14 -12 -13 -21 -17 -15
D -12 -15 -12 -9 -19 -12 -10 -11 -13 -16 -16 -12 -18 -19 -14 -12 -13 -24 -18 -15
C -15 -18 -18 -19 -3 -20 -19 -17 -18 -17 -19 -18 -22 -19 -16 -13 -16 -25 -15 -15
Q -13 -13 -13 -12 -20 -10 -11 -14 -12 -16 -14 -12 -17 -18 -13 -13 -14 -22 -19 -15
E -11 -15 -12 -10 -19 -11 -9 -12 -13 -16 -15 -12 -18 -18 -13 -12 -13 -24 -18 -14
G -9 -15 -12 -11 -17 -14 -12 -6 -15 -15 -14 -12 -17 -17 -12 -10 -11 -22 -18 -13
H -14 -13 -13 -13 -18 -12 -13 -15 -8 -17 -15 -13 -19 -16 -14 -14 -15 -21 -15 -16
I -13 -16 -16 -16 -17 -16 -16 -15 -17 -10 -10 -14 -14 -13 -16 -14 -13 -23 -16 -9
L -13 -15 -15 -16 -19 -14 -15 -14 -15 -10 -5 -14 -11 -11 -14 -14 -13 -20 -14 -9
K -12 -9 -11 -12 -18 -12 -12 -12 -13 -14 -14 -6 -14 -17 -13 -11 -12 -19 -18 -14
M -16 -16 -18 -18 -22 -17 -18 -17 -19 -14 -11 -14 -12 -16 -18 -16 -16 -24 -19 -13
F -15 -18 -17 -19 -19 -18 -18 -17 -16 -13 -11 -17 -16 -5 -18 -16 -16 -16 -8 -14
P -11 -14 -14 -14 -16 -13 -13 -12 -14 -16 -14 -13 -18 -18 -7 -11 -12 -22 -19 -14
S -10 -13 -12 -12 -13 -13 -12 -10 -14 -14 -14 -11 -16 -16 -11 -10 -11 -18 -16 -13
T -10 -14 -13 -13 -16 -14 -13 -11 -15 -13 -13 -12 -16 -16 -12 -11 -10 -21 -17 -12
W -21 -15 -21 -24 -25 -22 -24 -22 -21 -23 -20 -19 -24 -16 -22 -18 -21 -3 -17 -23
Y -16 -19 -17 -18 -15 -19 -18 -18 -15 -16 -14 -18 -19 -8 -19 -16 -17 -17 -5 -16
V -11 -15 -15 -15 -15 -15 -14 -13 -16 -9 -9 -14 -13 -14 -14 -13 -12 -23 -16 -8
